Phylogenetic trait variance-covariance
                     CerebellarVol   SurfaceArea   CerebralVol         AbsGI FoldingLength FoldingNumber        Lambda         Delta
CerebellarVol         6.023416e-03  4.764545e-03  5.977991e-03  5.101312e-03  4.701478e-03  3.865441e-03 -3.017546e-02  0.0171828418
SurfaceArea           4.764545e-03  4.097130e-03  4.992580e-03  5.120505e-03  4.051336e-03  3.533411e-03 -2.982438e-02  0.0165548553
CerebralVol           5.977991e-03  4.992580e-03  6.188832e-03  5.777057e-03  4.931223e-03  4.213607e-03 -3.352871e-02  0.0189216969
AbsGI                 5.101312e-03  5.120505e-03  5.777057e-03  9.057805e-03  4.912689e-03  4.962933e-03 -3.974822e-02  0.0270572330
FoldingLength         4.701478e-03  4.051336e-03  4.931223e-03  4.912689e-03  4.113781e-03  3.567642e-03 -3.557576e-02  0.0158741826
FoldingNumber         3.865441e-03  3.533411e-03  4.213607e-03  4.962933e-03  3.567642e-03  3.569711e-03 -3.217160e-02  0.0150308294
Lambda               -3.017546e-02 -2.982438e-02 -3.352871e-02 -3.974822e-02 -3.557576e-02 -3.217160e-02  6.366503e-01 -0.1288536694
Delta                 1.718284e-02  1.655486e-02  1.892170e-02  2.705723e-02  1.587418e-02  1.503083e-02 -1.288537e-01  0.0869850269
CrusVol_1_3           5.078835e-03  4.095293e-03  4.954098e-03  5.801009e-03  3.841379e-03  3.782389e-03 -1.767577e-02  0.0171841637
CerebroCerebellar     6.958251e-04 -8.712412e-03 -7.856764e-03 -2.721683e-02 -8.590235e-03 -1.255586e-02  1.267374e-01 -0.0709745579
CerebellarCrus        4.293168e-02  3.872791e-02  4.557764e-02  6.847402e-02  3.491570e-02  4.014807e-02 -1.159189e-01  0.1838539325
BrainVol              5.778044e-03  4.757268e-03  5.895948e-03  5.336241e-03  4.738367e-03  3.910520e-03 -3.429073e-02  0.0178948049
CerebellumNormalized  4.651395e-05 -7.932628e-06  5.742116e-06 -6.914288e-05 -1.414432e-05 -1.198250e-05  7.436205e-04 -0.0001983551
CerebrumNormalized    2.887682e-04  3.836733e-04  4.501177e-04  8.167856e-04  3.264071e-04  5.086181e-04 -1.592297e-04  0.0019831288
CrusNormalized        6.167961e-05  4.441967e-05  5.577472e-05  6.286594e-05  3.817523e-05  4.216737e-05  4.878503e-05  0.0001759664
                       CrusVol_1_3 CerebroCerebellar CerebellarCrus      BrainVol CerebellumNormalized CerebrumNormalized
CerebellarVol         5.078835e-03      0.0006958251   0.0429316841  5.778044e-03         4.651395e-05       2.887682e-04
SurfaceArea           4.095293e-03     -0.0087124117   0.0387279122  4.757268e-03        -7.932628e-06       3.836733e-04
CerebralVol           4.954098e-03     -0.0078567645   0.0455776391  5.895948e-03         5.742116e-06       4.501177e-04
AbsGI                 5.801009e-03     -0.0272168273   0.0684740193  5.336241e-03        -6.914288e-05       8.167856e-04
FoldingLength         3.841379e-03     -0.0085902348   0.0349156959  4.738367e-03        -1.414432e-05       3.264071e-04
FoldingNumber         3.782389e-03     -0.0125558573   0.0401480732  3.910520e-03        -1.198250e-05       5.086181e-04
Lambda               -1.767577e-02      0.1267374043  -0.1159188781 -3.429073e-02         7.436205e-04      -1.592297e-04
Delta                 1.718416e-02     -0.0709745579   0.1838539325  1.789480e-02        -1.983551e-04       1.983129e-03
CrusVol_1_3           6.796934e-03      0.0018462012   0.0646971590  4.591403e-03         8.385872e-05       4.700464e-04
CerebroCerebellar     1.846201e-03      0.2979593180  -0.1298406022 -4.706814e-03         1.382395e-03      -5.604242e-03
CerebellarCrus        6.469716e-02     -0.1298406022   0.8166272926  3.923150e-02         6.423402e-04       9.984919e-03
BrainVol              4.591403e-03     -0.0047068139   0.0392315040  5.702614e-03         8.576071e-06       3.067823e-04
CerebellumNormalized  8.385872e-05      0.0013823955   0.0006423402  8.576071e-06         9.980283e-06      -5.968073e-06
CerebrumNormalized    4.700464e-04     -0.0056042416   0.0099849187  3.067823e-04        -5.968073e-06       2.320171e-04
CrusNormalized        9.753867e-05      0.0001615447   0.0010098416  4.943480e-05         2.496890e-06       8.134974e-06
                     CrusNormalized
CerebellarVol          6.167961e-05
SurfaceArea            4.441967e-05
CerebralVol            5.577472e-05
AbsGI                  6.286594e-05
FoldingLength          3.817523e-05
FoldingNumber          4.216737e-05
Lambda                 4.878503e-05
Delta                  1.759664e-04
CrusVol_1_3            9.753867e-05
CerebroCerebellar      1.615447e-04
CerebellarCrus         1.009842e-03
BrainVol               4.943480e-05
CerebellumNormalized   2.496890e-06
CerebrumNormalized     8.134974e-06
CrusNormalized         1.690305e-06

Phenotypic trait variance-covariance
                     CerebellarVol   SurfaceArea   CerebralVol         AbsGI FoldingLength FoldingNumber        Lambda         Delta
CerebellarVol         2.805974e-03  0.0011464713  0.0011551623  0.0029670849  0.0009529621  9.848675e-04 -0.0056122315  8.567030e-03
SurfaceArea           1.146471e-03  0.0021512763  0.0020902613  0.0059542605  0.0019827427  1.792221e-03 -0.0180228284  1.425602e-02
CerebralVol           1.155162e-03  0.0020902613  0.0023417480  0.0042613855  0.0019281423  1.619498e-03 -0.0112714410  1.056477e-02
AbsGI                 2.967085e-03  0.0059542605  0.0042613855  0.0244969758  0.0054828095  5.448178e-03 -0.0801243080  5.547630e-02
FoldingLength         9.529621e-04  0.0019827427  0.0019281423  0.0054828095  0.0019072496  1.756470e-03 -0.0189711705  1.178445e-02
FoldingNumber         9.848675e-04  0.0017922213  0.0016194984  0.0054481776  0.0017564704  2.743251e-03 -0.0218153859  1.173430e-02
Lambda               -5.612231e-03 -0.0180228284 -0.0112714410 -0.0801243080 -0.0189711705 -2.181539e-02  0.3601302308 -1.508385e-01
Delta                 8.567030e-03  0.0142560234  0.0105647667  0.0554763001  0.0117844482  1.173430e-02 -0.1508385298  1.552729e-01
CrusVol_1_3           1.647196e-03  0.0003729853  0.0004725969  0.0004639597  0.0003989487  7.792477e-04 -0.0028427091  7.829700e-04
CerebroCerebellar     6.132429e-02 -0.0274212943 -0.0393426281 -0.0153128071 -0.0281957197 -1.776744e-02  0.0594054481 -1.066430e-02
CerebellarCrus       -4.695132e-02 -0.0406990556 -0.0406735744 -0.1107096613 -0.0300167531 -9.117132e-03  0.0655340636 -3.420973e-01
BrainVol              1.225134e-03  0.0024843860  0.0028365256  0.0044907514  0.0023056227  7.369551e-04 -0.0119800160  1.149145e-02
CerebellumNormalized  4.388760e-04 -0.0002446743 -0.0003503948 -0.0001224083 -0.0002494213 -1.914976e-05  0.0004097997 -9.319994e-05
CerebrumNormalized   -2.246495e-04 -0.0001509687 -0.0003004051  0.0006065230 -0.0001492256  1.232361e-03 -0.0024370221  1.129690e-03
CrusNormalized        1.475886e-05 -0.0001191151 -0.0001383716 -0.0002404363 -0.0001022547 -3.812488e-05  0.0002675331 -6.310488e-04
                       CrusVol_1_3 CerebroCerebellar CerebellarCrus      BrainVol CerebellumNormalized CerebrumNormalized
CerebellarVol         1.647196e-03       0.061324293   -0.046951319  0.0012251337         4.388760e-04      -2.246495e-04
SurfaceArea           3.729853e-04      -0.027421294   -0.040699056  0.0024843860        -2.446743e-04      -1.509687e-04
CerebralVol           4.725969e-04      -0.039342628   -0.040673574  0.0028365256        -3.503948e-04      -3.004051e-04
AbsGI                 4.639597e-04      -0.015312807   -0.110709661  0.0044907514        -1.224083e-04       6.065230e-04
FoldingLength         3.989487e-04      -0.028195720   -0.030016753  0.0023056227        -2.494213e-04      -1.492256e-04
FoldingNumber         7.792477e-04      -0.017767441   -0.009117132  0.0007369551        -1.914976e-05       1.232361e-03
Lambda               -2.842709e-03       0.059405448    0.065534064 -0.0119800160         4.097997e-04      -2.437022e-03
Delta                 7.829700e-04      -0.010664301   -0.342097344  0.0114914546        -9.319994e-05       1.129690e-03
CrusVol_1_3           2.954555e-03       0.038689493    0.102190152  0.0003377917         3.170106e-04       4.267891e-05
CerebroCerebellar     3.868949e-02       3.748465656   -0.584889029 -0.0460657583         2.867207e-02      -4.593935e-03
CerebellarCrus        1.021902e-01      -0.584889029   10.476094166 -0.0273969639        -4.719785e-03      -1.032421e-02
BrainVol              3.377917e-04      -0.046065758   -0.027396964  0.0083436646        -9.416983e-04      -5.665596e-03
CerebellumNormalized  3.170106e-04       0.028672072   -0.004719785 -0.0009416983         2.820184e-04       5.603612e-04
CerebrumNormalized    4.267891e-05      -0.004593935   -0.010324206 -0.0056655960         5.603612e-04       5.883719e-03
CrusNormalized        2.193736e-04       0.005398207    0.014264512 -0.0001635645         4.794761e-05       1.952185e-05
                     CrusNormalized
CerebellarVol          1.475886e-05
SurfaceArea           -1.191151e-04
CerebralVol           -1.383716e-04
AbsGI                 -2.404363e-04
FoldingLength         -1.022547e-04
FoldingNumber         -3.812488e-05
Lambda                 2.675331e-04
Delta                 -6.310488e-04
CrusVol_1_3            2.193736e-04
CerebroCerebellar      5.398207e-03
CerebellarCrus         1.426451e-02
BrainVol              -1.635645e-04
CerebellumNormalized   4.794761e-05
CerebrumNormalized     1.952185e-05
CrusNormalized         3.384228e-05

% variance explained by phylogeny
       CerebellarVol          SurfaceArea          CerebralVol                AbsGI        FoldingLength        FoldingNumber 
            99.53572             99.46536             99.59934             96.39657             99.50840             99.01476 
              Lambda                Delta          CrusVol_1_3    CerebroCerebellar       CerebellarCrus             BrainVol 
            98.86777             98.01986             99.53980             75.10389             81.64552             98.48081 
CerebellumNormalized   CerebrumNormalized       CrusNormalized 
            73.25814             41.95418             83.97081 
Brownian motion model
