Phylogenetic trait variance-covariance
              CerebellarVol   SurfaceArea   CerebralVol         AbsGI FoldingLength FoldingNumber        Lambda         Delta   CrusVol_1_3
CerebellarVol  1.000000e+00 -1.254356e-09  2.929490e+03 -2.843372e-08 -3.669906e-12 -2.982999e-07  2.781321e-07 -1.035340e-07 -1.055933e-09
SurfaceArea   -1.254356e-09  1.000000e+00 -3.674628e-06  5.121952e-10  3.905987e+03  6.746578e-09 -9.356739e-09  1.610681e-09  4.240323e-11
CerebralVol    2.929490e+03 -3.674628e-06  8.581914e+06 -8.329631e-05 -3.174612e-08 -8.738666e-04  8.147853e-04 -3.033020e-04 -3.093344e-06
AbsGI         -2.843372e-08  5.121952e-10 -8.329631e-05  9.999987e-01  2.000628e-06  1.078832e-08 -3.056921e-08  8.721142e-09  8.885255e-12
FoldingLength -3.669906e-12  3.905987e+03 -3.174612e-08  2.000628e-06  1.525673e+07  2.635205e-05 -3.654730e-05  6.291299e-06  1.656264e-07
FoldingNumber -2.982999e-07  6.746578e-09 -8.738666e-04  1.078832e-08  2.635205e-05  1.000000e+00 -1.235149e-07  4.537601e-08  4.630140e-10
Lambda         2.781321e-07 -9.356739e-09  8.147853e-04 -3.056921e-08 -3.654730e-05 -1.235149e-07  1.000000e+00 -1.100073e-07 -5.702314e-11
Delta         -1.035340e-07  1.610681e-09 -3.033020e-04  8.721142e-09  6.291299e-06  4.537601e-08 -1.100073e-07  9.999987e-01  3.712988e-11
CrusVol_1_3   -1.055933e-09  4.240323e-11 -3.093344e-06  8.885255e-12  1.656264e-07  4.630140e-10 -5.702314e-11  3.712988e-11  1.000000e+00

Phenotypic trait variance-covariance
              CerebellarVol   SurfaceArea   CerebralVol         AbsGI FoldingLength FoldingNumber        Lambda         Delta   CrusVol_1_3
CerebellarVol  1.712723e+08  1.877767e+08  1.022361e+09 1061.63386101  8318509.5575  3.260052e+05    38.4979665  3112.7331085  4.682685e+07
SurfaceArea    1.877767e+08  3.234710e+08  1.710325e+09 2328.91472947 15195184.5514  5.932749e+05 -1939.2562565  6588.4303951  5.310688e+07
CerebralVol    1.022361e+09  1.710325e+09  9.392769e+09 9963.42233835 82793388.0224  3.120199e+06 -6983.5574988 28386.3233432  2.820824e+08
AbsGI          1.061634e+03  2.328915e+03  9.963422e+03    0.03866084       97.8509  5.032325e+00    -0.0646006     0.1083930  3.826743e+02
FoldingLength  8.318510e+06  1.519518e+07  8.279339e+07   97.85090028   761310.2080  2.906945e+04  -133.1925631   260.5490223  2.335034e+06
FoldingNumber  3.260052e+05  5.932749e+05  3.120199e+06    5.03232453    29069.4459  1.465731e+03    -5.9270643    14.7070212  1.038335e+05
Lambda         3.849797e+01 -1.939256e+03 -6.983557e+03   -0.06460060     -133.1926 -5.927064e+00     0.3240778    -0.1162742 -7.107089e+01
Delta          3.112733e+03  6.588430e+03  2.838632e+04    0.10839300      260.5490  1.470702e+01    -0.1162742     0.3443528  1.294735e+03
CrusVol_1_3    4.682685e+07  5.310688e+07  2.820824e+08  382.67433610  2335034.3292  1.038335e+05   -71.0708868  1294.7347191  1.829772e+07

% variance explained by phylogeny
CerebellarVol   SurfaceArea   CerebralVol         AbsGI FoldingLength FoldingNumber        Lambda         Delta   CrusVol_1_3 
     93.60136      93.68526      92.43439      94.31312      95.98715      92.79899      98.98112      95.61779      94.46412 
mvOU alpha = 
              CerebellarVol   SurfaceArea   CerebralVol         AbsGI FoldingLength FoldingNumber        Lambda         Delta   CrusVol_1_3
CerebellarVol  1.459616e-02  4.684689e-12  1.352141e-06  8.852545e-09 -4.670372e-08  8.959566e-08 -1.017009e-07  3.412864e-08  1.725066e-10
SurfaceArea    4.684689e-12  1.459616e-02  9.755076e-07 -1.767534e-10 -4.160225e-08 -2.382810e-09  2.511741e-09 -6.697745e-10 -5.566775e-12
CerebralVol    1.352141e-06  9.755076e-07  1.459616e-02  9.160672e-07  6.248206e-09  3.402774e-05 -8.919500e-06  3.849402e-06  5.078201e-07
AbsGI          8.852545e-09 -1.767534e-10  9.160672e-07  1.459617e-02 -3.319359e-08 -6.393686e-09  1.679880e-08 -4.986987e-09  2.382721e-11
FoldingLength -4.670372e-08 -4.160225e-08  6.248206e-09 -3.319359e-08  1.459617e-02 -1.267633e-06  6.016834e-07 -9.757219e-08 -1.966142e-08
FoldingNumber  8.959566e-08 -2.382810e-09  3.402774e-05 -6.393686e-09 -1.267633e-06  1.459624e-02  8.663372e-08 -2.478618e-08  9.355569e-10
Lambda        -1.017009e-07  2.511741e-09 -8.919500e-06  1.679880e-08  6.016834e-07  8.663372e-08  1.459616e-02  6.782058e-08 -2.370767e-10
Delta          3.412864e-08 -6.697745e-10  3.849402e-06 -4.986987e-09 -9.757219e-08 -2.478618e-08  6.782058e-08  1.459617e-02  1.024594e-10
CrusVol_1_3    1.725066e-10 -5.566775e-12  5.078201e-07  2.382721e-11 -1.966142e-08  9.355569e-10 -2.370767e-10  1.024594e-10  1.459616e-02


Stationary covariance = 
              CerebellarVol   SurfaceArea   CerebralVol         AbsGI FoldingLength FoldingNumber        Lambda         Delta   CrusVol_1_3
CerebellarVol     26.223994 -2.227088e+00  8.673628e+04    -2.2927553  8.360115e+02     -85.16189     22.307986     -9.636758    -1.2708856
SurfaceArea       -2.227088  3.529564e+01 -9.823892e+03     0.7704092  1.345466e+05      28.77703     -8.791885      3.043092     0.4329057
CerebralVol    86736.281827 -9.823892e+03  2.939794e+08 -9225.3875413 -2.260688e+02 -342675.05328  89824.992500 -38765.885912 -5113.9756242
AbsGI             -2.292755  7.704092e-01 -9.225388e+03    34.8358840  5.942846e+02      21.55870     -5.662198      2.437038     0.3217652
FoldingLength    836.011526  1.345466e+05 -2.260688e+02   594.2845615  5.226281e+08   22694.70354 -10772.073764   1746.916783   352.0017471
FoldingNumber    -85.161887  2.877703e+01 -3.426751e+05    21.5586976  2.269470e+04     835.09574   -210.343786     90.526300    11.9526428
Lambda            22.307986 -8.791885e+00  8.982499e+04    -5.6621982 -1.077207e+04    -210.34379     89.591876    -23.762098    -3.1396496
Delta             -9.636758  3.043092e+00 -3.876589e+04     2.4370376  1.746917e+03      90.52630    -23.762098     44.491095     1.3510739
CrusVol_1_3       -1.270886  4.329057e-01 -5.113976e+03     0.3217652  3.520017e+02      11.95264     -3.139650      1.351074    34.4339775

