Phylogenetic trait variance-covariance
              CerebellarVol   SurfaceArea   CerebralVol         AbsGI FoldingLength FoldingNumber        Lambda         Delta   CrusVol_1_3
CerebellarVol  4.030803e+07  5.767215e+07  2.880169e+08  4.918381e+02  3.363510e+06 108226.314820 -9.297049e+02  1.472023e+03 12706447.1764
SurfaceArea    5.767215e+07  8.293741e+07  4.140006e+08  7.181685e+02  4.828990e+06 155209.714762 -1.479598e+03  2.148419e+03 18242424.4920
CerebralVol    2.880169e+08  4.140006e+08  2.069733e+09  3.507837e+03  2.405931e+07 773073.014396 -6.290390e+03  1.042345e+04 91278491.9846
AbsGI          4.918381e+02  7.181685e+02  3.507837e+03  8.205764e-03  4.282841e+01      1.376433 -4.168023e-02  2.592867e-02      152.3123
FoldingLength  3.363510e+06  4.828990e+06  2.405931e+07  4.282841e+01  2.824029e+05   9070.963665 -1.034687e+02  1.279951e+02  1059321.2337
FoldingNumber  1.082263e+05  1.552097e+05  7.730730e+05  1.376433e+00  9.070964e+03    292.133314 -3.249646e+00  4.182857e+00    34037.8496
Lambda        -9.297049e+02 -1.479598e+03 -6.290390e+03 -4.168023e-02 -1.034687e+02     -3.249646  6.595699e-01 -1.374535e-01     -205.5269
Delta          1.472023e+03  2.148419e+03  1.042345e+04  2.592867e-02  1.279951e+02      4.182857 -1.374535e-01  8.907366e-02      450.7057
CrusVol_1_3    1.270645e+07  1.824242e+07  9.127849e+07  1.523123e+02  1.059321e+06  34037.849584 -2.055269e+02  4.507057e+02  4036967.6227

Phenotypic trait variance-covariance
              CerebellarVol   SurfaceArea   CerebralVol         AbsGI FoldingLength FoldingNumber        Lambda         Delta   CrusVol_1_3
CerebellarVol  6.629110e+07  5.854808e+07  3.309078e+08  327.27061090  3.573538e+06  1.014695e+05 -9.359972e+02  609.26513988 19389073.5323
SurfaceArea    5.854808e+07  1.348792e+08  7.345131e+08  833.26172496  7.901352e+06  2.500933e+05 -2.067497e+03 1812.93012608 16510035.7637
CerebralVol    3.309078e+08  7.345131e+08  4.217154e+09 3339.17360400  4.335503e+07  1.318548e+06 -7.454578e+03 7109.56838436 88202497.9337
AbsGI          3.272706e+02  8.332617e+02  3.339174e+03    0.01684425  4.816043e+01  2.074047e+00 -5.967976e-02    0.03893486      114.5055
FoldingLength  3.573538e+06  7.901352e+06  4.335503e+07   48.16042515  4.814698e+05  1.525026e+04 -1.453745e+02   87.68170021   972327.3825
FoldingNumber  1.014695e+05  2.500933e+05  1.318548e+06    2.07404744  1.525026e+04  7.786518e+02 -7.328733e+00    4.28767785    39327.7777
Lambda        -9.359972e+02 -2.067497e+03 -7.454578e+03   -0.05967976 -1.453745e+02 -7.328733e+00  3.114843e-01   -0.10121858     -412.6034
Delta          6.092651e+02  1.812930e+03  7.109568e+03    0.03893486  8.768170e+01  4.287678e+00 -1.012186e-01    0.12277059      249.6540
CrusVol_1_3    1.938907e+07  1.651004e+07  8.820250e+07  114.50546572  9.723274e+05  3.932778e+04 -4.126034e+02  249.65398712  9732937.9977

% variance explained by phylogeny
CerebellarVol   SurfaceArea   CerebralVol         AbsGI FoldingLength FoldingNumber        Lambda         Delta   CrusVol_1_3 
     97.52340      97.36691      96.60320      97.52227      97.46219      96.17455      99.02071      98.43763      97.05535 
EB rate = -2.957188e-05
