Phylogenetic trait variance-covariance
                  CerebellarVol  SurfaceArea  CerebralVol        AbsGI FoldingLength FoldingNumber      Lambda       Delta
CerebellarVol       0.006034789  0.004738497  0.005949970  0.005029284   0.004719670   0.003860699 -0.03134329  0.01648147
SurfaceArea         0.004738497  0.004011110  0.004896922  0.004891154   0.004013263   0.003399170 -0.03100399  0.01566681
CerebralVol         0.005949970  0.004896922  0.006081782  0.005535323   0.004890115   0.004089159 -0.03474737  0.01787585
AbsGI               0.005029284  0.004891154  0.005535323  0.008319234   0.004780603   0.004462903 -0.04224575  0.02514880
FoldingLength       0.004719670  0.004013263  0.004890115  0.004780603   0.004124070   0.003478100 -0.03724733  0.01521388
FoldingNumber       0.003860699  0.003399170  0.004089159  0.004462903   0.003478100   0.003258472 -0.03247588  0.01372577
Lambda             -0.031343287 -0.031003994 -0.034747372 -0.042245750  -0.037247328  -0.032475880  0.67723064 -0.13294849
Delta               0.016481472  0.015666807  0.017875847  0.025148797   0.015213881   0.013725768 -0.13294849  0.08170010
CrusVol_1_3         0.005636941  0.004443930  0.005480611  0.005576879   0.004269111   0.003855755 -0.02168617  0.01675862
CerebroCerebellar   0.002730183 -0.005575647 -0.004294642 -0.019670609  -0.005999097  -0.007517312  0.13024288 -0.05397416
CerebellarCrus      0.037982266  0.031342729  0.037610634  0.049683395   0.027840974   0.028454089 -0.05084072  0.14131207
                   CrusVol_1_3 CerebroCerebellar CerebellarCrus
CerebellarVol      0.005636941      0.0027301826   0.0379822664
SurfaceArea        0.004443930     -0.0055756474   0.0313427295
CerebralVol        0.005480611     -0.0042946422   0.0376106335
AbsGI              0.005576879     -0.0196706093   0.0496833948
FoldingLength      0.004269111     -0.0059990974   0.0278409737
FoldingNumber      0.003855755     -0.0075173120   0.0284540886
Lambda            -0.021686168      0.1302428814  -0.0508407241
Delta              0.016758618     -0.0539741601   0.1413120700
CrusVol_1_3        0.006471200      0.0047729050   0.0530296126
CerebroCerebellar  0.004772905      0.2374686872   0.0008951573
CerebellarCrus     0.053029613      0.0008951573   0.5262677277

Phenotypic trait variance-covariance
                  CerebellarVol   SurfaceArea   CerebralVol        AbsGI FoldingLength FoldingNumber       Lambda        Delta
CerebellarVol      0.0026873521  0.0008064027  0.0008641576  0.001775321  6.619383e-04  0.0005104502 -0.001753835  0.005108433
SurfaceArea        0.0008064027  0.0017904219  0.0018593634  0.004150174  1.661935e-03  0.0015677633 -0.012460699  0.010252111
CerebralVol        0.0008641576  0.0018593634  0.0022056350  0.002994622  1.726509e-03  0.0015249020 -0.007641014  0.007869782
AbsGI              0.0017753213  0.0041501742  0.0029946221  0.016429775  3.840108e-03  0.0040107769 -0.053192723  0.037072665
FoldingLength      0.0006619383  0.0016619347  0.0017265093  0.003840108  1.620963e-03  0.0015795991 -0.013919760  0.008183540
FoldingNumber      0.0005104502  0.0015677633  0.0015249020  0.004010777  1.579599e-03  0.0030451439 -0.019164436  0.008923680
Lambda            -0.0017538352 -0.0124606991 -0.0076410140 -0.053192723 -1.391976e-02 -0.0191644360  0.275025527 -0.091909402
Delta              0.0051084332  0.0102521111  0.0078697822  0.037072665  8.183540e-03  0.0089236795 -0.091909402  0.113821045
CrusVol_1_3        0.0017528721  0.0006391157  0.0005707080  0.001856667  7.055415e-04  0.0012776384 -0.011013066  0.003583986
CerebroCerebellar  0.0682183842 -0.0336601204 -0.0465054696 -0.023287959 -3.349275e-02 -0.0361394150  0.110915762 -0.067363672
CerebellarCrus    -0.0672117063 -0.0154828496 -0.0238588611 -0.004469472 -5.292317e-05  0.0493557654 -0.609803069 -0.145329980
                    CrusVol_1_3 CerebroCerebellar CerebellarCrus
CerebellarVol      0.0017528721        0.06821838  -6.721171e-02
SurfaceArea        0.0006391157       -0.03366012  -1.548285e-02
CerebralVol        0.0005707080       -0.04650547  -2.385886e-02
AbsGI              0.0018566675       -0.02328796  -4.469472e-03
FoldingLength      0.0007055415       -0.03349275  -5.292317e-05
FoldingNumber      0.0012776384       -0.03613941   4.935577e-02
Lambda            -0.0110130657        0.11091576  -6.098031e-01
Delta              0.0035839860       -0.06736367  -1.453300e-01
CrusVol_1_3        0.0033582510        0.04063732   1.123030e-01
CerebroCerebellar  0.0406373235        4.35193317  -1.902419e+00
CerebellarCrus     0.1123029853       -1.90241873   1.273086e+01

% variance explained by phylogeny
    CerebellarVol       SurfaceArea       CerebralVol             AbsGI     FoldingLength     FoldingNumber            Lambda 
         99.55535          99.55504          99.62263          97.58323          99.58219          98.90634          99.13533 
            Delta       CrusVol_1_3 CerebroCerebellar    CerebellarCrus 
         98.54848          99.47692          71.09585          77.69508 
Brownian motion model
