Phylogenetic trait variance-covariance
              CerebellarVol  SurfaceArea  CerebralVol        AbsGI FoldingLength FoldingNumber      Lambda       Delta  CrusVol_1_3
CerebellarVol   0.005948406  0.004673890  0.005839859  0.004946835   0.004661752   0.003715474 -0.03191280  0.01658474  0.004882857
SurfaceArea     0.004673890  0.003958197  0.004794952  0.004896256   0.003963407   0.003280075 -0.03161147  0.01588437  0.003920694
CerebralVol     0.005839859  0.004794952  0.005915917  0.005466292   0.004798865   0.003857065 -0.03545490  0.01791862  0.004664945
AbsGI           0.004946835  0.004896256  0.005466292  0.008613935   0.004764536   0.004602637 -0.04285283  0.02607984  0.005662685
FoldingLength   0.004661752  0.003963407  0.004798865  0.004764536   0.004069948   0.003381556 -0.03741228  0.01543111  0.003730211
FoldingNumber   0.003715474  0.003280075  0.003857065  0.004602637   0.003381556   0.003123395 -0.03441018  0.01398429  0.003651728
Lambda         -0.031912803 -0.031611468 -0.035454903 -0.042852831  -0.037412278  -0.034410177  0.66412257 -0.13953465 -0.020327460
Delta           0.016584740  0.015884375  0.017918619  0.026079841   0.015431111   0.013984287 -0.13953465  0.08493937  0.016558843
CrusVol_1_3     0.004882857  0.003920694  0.004664945  0.005662685   0.003730211   0.003651728 -0.02032746  0.01655884  0.006435053

Phenotypic trait variance-covariance
              CerebellarVol   SurfaceArea   CerebralVol        AbsGI FoldingLength FoldingNumber        Lambda        Delta   CrusVol_1_3
CerebellarVol  0.0026704911  0.0007325801  0.0008327353  0.001348471  0.0005657117  0.0003972755  0.0003651875  0.004815885  0.0015868927
SurfaceArea    0.0007325801  0.0017921622  0.0019479897  0.003675823  0.0016495833  0.0017075921 -0.0106425075  0.009752775  0.0004362584
CerebralVol    0.0008327353  0.0019479897  0.0024630938  0.002283388  0.0017765542  0.0019617600 -0.0047424535  0.007494185  0.0003855008
AbsGI          0.0013484710  0.0036758232  0.0022833877  0.016495983  0.0034614352  0.0028476704 -0.0549229801  0.035402059  0.0014422978
FoldingLength  0.0005657117  0.0016495833  0.0017765542  0.003461435  0.0016083283  0.0016867389 -0.0127876466  0.007608656  0.0004999947
FoldingNumber  0.0003972755  0.0017075921  0.0019617600  0.002847670  0.0016867389  0.0038538392 -0.0145361629  0.007310133  0.0006784382
Lambda         0.0003651875 -0.0106425075 -0.0047424535 -0.054922980 -0.0127876466 -0.0145361629  0.2915053255 -0.080301395 -0.0075335948
Delta          0.0048158848  0.0097527746  0.0074941850  0.035402059  0.0076086557  0.0073101326 -0.0803013949  0.110908386  0.0019166262
CrusVol_1_3    0.0015868927  0.0004362584  0.0003855008  0.001442298  0.0004999947  0.0006784382 -0.0075335948  0.001916626  0.0027334838

% variance explained by phylogeny
CerebellarVol   SurfaceArea   CerebralVol         AbsGI FoldingLength FoldingNumber        Lambda         Delta   CrusVol_1_3 
     99.55814      99.55461      99.57858      97.57349      99.58545      98.61589      99.08352      98.58563      99.57424 
Brownian motion model
