Phylogenetic trait variance-covariance
                  CerebellarVol  SurfaceArea  CerebralVol        AbsGI FoldingLength FoldingNumber      Lambda       Delta  CrusVol_1_3
CerebellarVol       0.006016289  0.004755998  0.005950584  0.004981318   0.004777519   0.003746348 -0.03428779  0.01671560  0.005800531
SurfaceArea         0.004755998  0.004046897  0.004931789  0.004849426   0.004070734   0.003310832 -0.03303030  0.01596123  0.004583091
CerebralVol         0.005950584  0.004931789  0.006107295  0.005484345   0.004968477   0.003954713 -0.03794908  0.01813293  0.005647241
AbsGI               0.004981318  0.004849426  0.005484345  0.008198850   0.004696552   0.004358538 -0.04129084  0.02567035  0.005509595
FoldingLength       0.004777519  0.004070734  0.004968477  0.004696552   0.004195356   0.003419232 -0.03869497  0.01545304  0.004472189
FoldingNumber       0.003746348  0.003310832  0.003954713  0.004358538   0.003419232   0.003035440 -0.03446677  0.01371604  0.003730856
Lambda             -0.034287787 -0.033030297 -0.037949077 -0.041290839  -0.038694972  -0.034466769  0.65655270 -0.13855011 -0.026815442
Delta               0.016715595  0.015961235  0.018132926  0.025670348   0.015453042   0.013716037 -0.13855011  0.08549448  0.017260841
CrusVol_1_3         0.005800531  0.004583091  0.005647241  0.005509595   0.004472189   0.003730856 -0.02681544  0.01726084  0.006307155
CerebroCerebellar   0.001195458 -0.006741154 -0.005981978 -0.019843916  -0.007015897  -0.007649376  0.12925850 -0.05762789  0.003784861
CerebellarCrus      0.038924280  0.031792395  0.038137930  0.047973055   0.028616397   0.025560685 -0.07815286  0.14456961  0.047975232
                  CerebroCerebellar CerebellarCrus
CerebellarVol           0.001195458    0.038924280
SurfaceArea            -0.006741154    0.031792395
CerebralVol            -0.005981978    0.038137930
AbsGI                  -0.019843916    0.047973055
FoldingLength          -0.007015897    0.028616397
FoldingNumber          -0.007649376    0.025560685
Lambda                  0.129258503   -0.078152859
Delta                  -0.057627893    0.144569606
CrusVol_1_3             0.003784861    0.047975232
CerebroCerebellar       0.240155869    0.004387649
CerebellarCrus          0.004387649    0.442941573

Phenotypic trait variance-covariance
                  CerebellarVol  SurfaceArea  CerebralVol        AbsGI FoldingLength FoldingNumber       Lambda       Delta  CrusVol_1_3
CerebellarVol       0.010891200  0.006956509  0.009353593  0.004565351   0.005966260   0.006628304  0.005882395  0.02512589  0.010456715
SurfaceArea         0.006956509  0.006348284  0.008181758  0.006065085   0.005628400   0.006221473 -0.007212890  0.02433501  0.007379988
CerebralVol         0.009353593  0.008181758  0.010932175  0.005879712   0.007225341   0.007906792 -0.001018591  0.02785879  0.009741520
AbsGI               0.004565351  0.006065085  0.005879712  0.015991251   0.005516534   0.006359429 -0.047409769  0.04067304  0.005499328
FoldingLength       0.005966260  0.005628400  0.007225341  0.005516534   0.005130424   0.005890757 -0.011297498  0.01984578  0.006665815
FoldingNumber       0.006628304  0.006221473  0.007906792  0.006359429   0.005890757   0.008773529 -0.023348232  0.02099878  0.008621036
Lambda              0.005882395 -0.007212890 -0.001018591 -0.047409769  -0.011297498  -0.023348232  0.332505084 -0.04829142 -0.010005545
Delta               0.025125891  0.024335006  0.027858786  0.040673041   0.019845783   0.020998784 -0.048291416  0.15943913  0.025435072
CrusVol_1_3         0.010456715  0.007379988  0.009741520  0.005499328   0.006665815   0.008621036 -0.010005545  0.02543507  0.013058048
CerebroCerebellar   0.062102330 -0.037034335 -0.050568709 -0.028603177  -0.038318569  -0.041925917  0.165965418 -0.05722374  0.029488003
CerebellarCrus      0.078919894  0.102086522  0.128194634  0.094509004   0.100892580   0.174694804 -0.642126725  0.36196368  0.265252469
                  CerebroCerebellar CerebellarCrus
CerebellarVol            0.06210233     0.07891989
SurfaceArea             -0.03703434     0.10208652
CerebralVol             -0.05056871     0.12819463
AbsGI                   -0.02860318     0.09450900
FoldingLength           -0.03831857     0.10089258
FoldingNumber           -0.04192592     0.17469480
Lambda                   0.16596542    -0.64212673
Delta                   -0.05722374     0.36196368
CrusVol_1_3              0.02948800     0.26525247
CerebroCerebellar        4.25830461    -1.97204609
CerebellarCrus          -1.97204609    13.70970479

% variance explained by phylogeny
    CerebellarVol       SurfaceArea       CerebralVol             AbsGI     FoldingLength     FoldingNumber            Lambda 
         98.16130          98.38269          98.08781          97.57703          98.64092          96.78057          98.92740 
            Delta       CrusVol_1_3 CerebroCerebellar    CerebellarCrus 
         97.90747          98.08177          71.04987          76.39268 
Brownian motion model
